0000000000000000000000000000000000000000000000000000000000000000000000000000000000000000000000000000000000000000000000000000000000
0000000000000000000000000000000000000000000000000000000000000000000000000000000000000000000000000000000000000000000000000000000000
0000000000000000000000000000000000000000000000000000000000000000000000000000000000000000000000000000000000000000000000000000000000
0000000000000000000000000000000000000000000000000000000000000000000000000000000000000000000000000000000000000000000000000000000000
0000000000000000000000000000000000000000000000000000000000000000000000000000000000000000000000000000000000000000000000000000000000
0000000000000000000000000000000000000000000000000000000000000000000000000000000000000000000000000000000000000000000000000000000000
0000000000000000000000000000000000000000000000000000000000000000000000000000000000000000000000000000000000000000000000000000000000
0000000000000000000000000000000000000000000000000000000000000000000000000000000000000000000000000000000000000000000000000000000000
0000000000000000000000000000000000000000000000000000000000000000000000000000000000000000000000000000000000000000000000000000000000
0000000000000000000000000000000000000000000000111111111111111111111111111111111111111111100000000000000000000000000000000000000000
0000000000000000000000000000000000000000000000100000000000000000000000000000000000000000100000000000000000000000000000000000000000
0000000000011111111111111111111111111111111111111111111111111111100000000000000000000000100000000000000000000000000000000000000000
0000000000010000000000000000000000000000000000100000000000000000100000000000000000000000100000000000000000000000000000000000000000
0000000000010000000000000000000000000000000000100000000000000000100000000000000000000000100000000000000000000000000000000000000000
0000000000010000000001111111111111111111111111111111111111111111111111111111111111111111111111111111111100000000000000000000000000
0000000000010000000001000000000000000000000000100000000000000000100000000000000000000000100000000000000100000000000000000000000000
0000000000010000000001000000000000111111111111111111111110000000100000000000000000000000100000000000000100000000000000000000000000
0000000000010000000001000000000000100000000000100000000010000000100000000000000000000000100000000000000100000000000000000000000000
0000000000010000000001000000000000100000000000100000000010000000100000000000000000000000100000000000000100000000000000000000000000
0000000000010000000001000000000000100000000000100000000010000000100000000000000000000000100011111111111111111111111111111111000000
0000000000010000000001000000000000100000000000100000000010000000100000000000000000000000100010000000000100000000000000000001000000
0000000000010000000001001111111111111000000000100000000010000000100000000000000000000000100010000000000100000000000000000001000000
0000000000010000000001001000000000101000000000100000000010000000100000000000000110000000100010000000000100000000000000000001000000
0000000000010000000001001000000111111111111111111111111111111111111111111000000111111111111111111111111111111111100000000001000000
0000000000010000000001001000000100101000000000100000000010000000100000001000000111000000100010000000000100000000100000000001000000
0000000000010000000001001000000100101000000000111111111111111111100000001000000111000000100010000000000100000000100000000001000000
0001111111111111111001001000000100101000000000000000000010000000000000001000000111000000100010000000000100000000100000000001000000
0001000000010000001001001000000100101000011111111111111111111111111111101000000111000000100010000000000100000000100000000001000000
0001000000010000001001001000000100101000010000000000000010000000000000101000000111000000100010000000000100000000100000000001000000
0001000000010001111111111111111111111111111111111111111111111111111000101000000111000000100010000000000100000000100000000001000000
0001000000010001001001001000000100101000010000000000000010000000001000101000000111000000100011111111111111111111100000000001000000
0001000000010001001001001000000100101000010000000000000011111111111111111111111111111111111111110000000100000000000000000001000000
0001000000010001001001001000000100101000010000000000000011000000001000101000000111000000100000010000000100000000000000000001000000
0001001111111111111111101000000100101000010000000000000011000000001000101000000111000000100000010000000100000000000000000001000000
0001001000010001001001101000000100101001111111111111111111111111111111111111111111110000100000010000000100000000000000000001000000
0001001000010001001001101000000100101001010000000000000011000000001000101000000111010000100000010000000100000000000000000001000000
0111111111111111111111111111111111111111111111111100000011000000001000101000000111010000100000010000000100000000000000000001000000
0101001000010001001001101000000100101001010000000100000011000000111111111111111111111111111111111111111111100000000000000001000000
0101001000010001001001101000000100101001010000000100000011000000101000101000000111010000100000010000000100100000000000000001000000
0101001000010001001001101000000100101001010000000100000011000000101000101000000111010000100000010000000100100000000000000001000000
0101001000010001001001101000000100101001010000000100000011000000101000101000000111010000100000010000000100100000000000000001000000
0101001000010001001001101000000100101001010000001111111111111111111111111111111111111111111111111111000100100000000000000001000000
0101001000010001001001101000000100101001010000001100000011000000101000101000000111010000100000010001000100100000000000000001000000
0101001000010001001001101000000100101001010000001100000011000000101000101000000111010000100000010001000100100000000000000001000000
0101001000010001001111111111111110101001010000001100000011000000101000101000000111010000100000010001000100100000000000000001000000
0101001000010001001101101000000110101111111111111111111111111100101000101000000111010000100000010001000100100000000000000001000000
0101001000010001001101101000000110101101010000001100000011000100101000101000000111010000100000010001000100100000000000000001000000
0101001000010001001101101000000110101101011111111111111111111111111111111111111111110000100000010001000100100000000000000001000000
0101001000010001111111111111111111111111111111111111111111111111111111111111111111000000100000010001000100100000000000000001000000
0101001000010000001101101000000110101101000000001100000011000100101000101000000101000000100000010001000100100000000000000001000000
0101001000010000011111111111111111111111111111111111111111111111111111111111111111111111111111111111111110100000000000000001000000
0101001000010000011101101000000110101101000000001100000011000100101000101000000101000000100000010001000110100000000000000001000000
0111111100010000011101111111111111111111111111111111111111111111111111111000000101000000100000010001000110100000000000000001000000
0111001111111111111111111111111111111111111110001100000011000100101000100000000101000000100000010001000110100000000000000001000000
0111001110010000011100101000000110101101000010001100000011000100101000100000000101000000100000010001000110100000000000000001000000
0111001110010000011100101000000110101101000010001100000011000100101111111111111111111111111111111111111111111111000000000001000000
0111001110010000011100101000000110101101000010001100000011000100101100100000000101000000100000010001000110100001000000000001000000
0111001110010000011100101000000110101101000010001100000011000100101100101111111111111100100000010001000110100001000000000001000000
0111001110010000011100101000000110111111111111111111111111111111111100101000000101000100100000010001000110100001000000000001000000
0111001110010000011100101000000110001101000010001100000011000100100100101000000101000100100000010001000110100001000000000001000000
0111001110010000011100101000000110001101000010001100000011000100100100101000000101000100100000010001000110100001000000000001000000
0111001110010000011100101000000111111111111111111111111111111111111111111111111111111111111111111001000110100001000000000001000000
0111001110010000011100101000000111001101000010001100000011000100100100101000000101000100100000011001000110100001000000000001000000
0111001110010000011100101000000111001101000010001100000011000100100100101000000101000100100000011001000110100001000000000001000000
0111001110010000011100101000000111001101000010001100000011000100100100101000000111111111111111111111111111111111111111111111000000
0111001110010000011100101000000111001101000010001100000011000100100100101111111111100100100000011001000110100001000000000000000000
0111001110011111111111111111111111111101000010001100000011000100100100101100000001100100100000011001000110100001000000000000000000
0111001110000000011100101000000111000101000010001100000011000100100100101100000001100100100000011001000110100001000000000000000000
0111001111111111111111111111111111000101000010001100000011000100100100101100000001100100100000011001000110100001000000000000000000
0111000110000000011100101000000101000101000010001100000011000100100100101100000001100100100000011001000110100001000000000000000000
0111000110000000011100101000000101000101000010001100000011000100100100101111111111111111111111111111111110100001000000000000000000
0111000110000000011100101000000101011111111111111111111111111111111111111111100001100100100000011001000010100001000000000000000000
0111000110000000011100101000000101010101000010001100000011000100111111111111111111111111111111111001000010100001000000000000000000
0111000110000000011100101000000101010101000010001100000011000100000100100100100001100100100000001001000010100001000000000000000000
0111000110000000011100101000000101010101000010001100000011000100000100100100100001100100100000001001000010100001000000000000000000
0111000110000000011100101000000101010101000010001100000011000100000100100100100001100100100000011111111111111111111111110000000000
0111000110000000011100101000000101010101000010001100000011000100000100100100100001100101111111111111111111111111111100010000000000
0111111110000000011100101000000101010101000010001100000011000100000100100100100001100101100000011001000010100001000100010000000000
0011000010000000011111111111111111111111111111111111111111000100000111111111111111111111111111111111111111100001000100010000000000
0011111111111111111100101000000101010101000010001100000001000100000000100100100001100101100000011001000010000001000100010000000000
0001000010000000000100101000000101010101000010001100000001000100000000100100100001100101100000011001000010000001000100010000000000
0001000010000000000100101000000101010101001111111111111111111111111111111111111111111111111111111111111010000001000100010000000000
0001000010000000000100101000000101010101001010001100000001000100000000100100100001100101100000011001001010111111111111111110000000
0001000010000000000100101000000101010101001010001100000001000100000000100100100001100101100000011001001010100001000100010010000000
0001000010000000000100101000000101010101001010001100000001000100001111111111111111111111111111111111101010100001000100010010000000
0001000010000000000100101000000101010101001010001100000001000100001000100100100001100101100000011001101010100001000100010010000000
0001111111111111111111101000000101010111111111111111111111111111111111111111111111111101100000011001101010100001000100010010000000
0000000010000000000100001000000101010001001010001100000001000100001000100100100001100001100000011111111110100001000100010010000000
0000000010000000000100001000000101010001001010001100000001000100001000100100100001100001100000001001101000111111111111110010000000
0000000010000000000111111111111111111111111111111111111111111111111111111111111111111001100000001001101000000001000100000010000000
0000000010000000000110001000000101010001001010001100000001000100001111111111111111111111111111111111101000000001000100000010000000
0000000010000000000110001000000101010001001010001100000001000100000000100100100001101001100000001000101000000001000100000010000000
0011111111000000000110001000000101010001001010001100000001000100000000100100100001101001100000001000101000000001000100000010000000
0010000011000111111111101000000111111111111111111111111111111111111111111111111111101001100000001000101000000001000100000010000000
0010000011000100000110101000000001010001001010001111111111111111111111100100100001001001100000001000101000000001000100000010000000
0010000011111111111111111111100001010001001010000100000001000100000000000000100001001001100000001000101000000001000100000010000000
0010000011100100000110101000101111111111111111111111110001000100000000000000100001001001100000001000101000000001000100000010000000
0010000011100100000110101000101001010001001010000100010001000100000000011111110001111111111111111111101000000001000100000010000000
0010000011100100000110101000101001010001001010000100010001000100000000010000110000001001100000001000001000000001000100000010000000
0010000011100100000110101000101001010001001010000100010001011111111111111111111111111111111111111111111100000001000100000010000000
0010000011100100000110101000101001111111111111111111111111111111111111111111111111111111111111111111111111111111111100000010000000
0010000011100100000110101000101000010001001010000100010001010100000000010000110000001001100000001000001100000001000000000010000000
0010000011100100000111111111111111111111111111111111111111111111111111111111111111111001100000001000001100000001000000000010000000
0011111111111111111111101000101000010001001010000100010001010100000000010000110000000001100000001000001100000001000000000010000000
0000000011100100000010001000101000010001001010000100010001010100000000010000110000000001111111111111111111111111000000000010000000
0000000011100100000010001111111111111111111111111111111111111111111111111111110000000000100000001000001100000000000000000010000000
0000000011100100000010011111111111111111111111111111111111111111111110010000100000000000100000001000001100000000000000000010000000
0000000011100100000010010000101000010001001010000100010001010100000010010000100000000000100000001000001100000000000000000010000000
0000000011100100000010010000101000010001001010000100010001010100000010010000100000000000100000001000001100000000000111111111110000
0000000011100100000010010000101000011111111111111111111111111100000010010000100000000000100000001000001100000000000100000010010000
0000000011100100000010011111101000000001001010000100010001010000000010010000100000000000100000001000001100000000000100000010010000
0000000011100100000010000000001000000001001010000100010001010000000010011111111111111111111111111111111100000000000100000010010000
0000000011100100000010000000001111111111111111111111111111111111111111111111111111111111100000001000001000000000000100000010010000
1111111111100111111111111111111111111111111111111100010001010000000010000000100000000000000000001000001000000000000100000010010000
0000000010100000000010000000000000000001001010000000010001010000000010000000100000000000000000001000001000000000000100000010010000
0000000010100000000010000000000000000001111111111111111111111111111111111111111111111111111111111111111000000000000100000010010000
0000000010100000000011111111111111111111111111111111111111111111111110000000100000000000000000001000000000000000000111111110010000
0000000010100000000000000000000000000000001010000000010001010000000000000000100000000000000000001000000000000000000000000000010000
0000000010100000000000000000000000000000001010000000010001010000000000000000100000000000000000001000000000000000000000000000010000
0000000010100000000000000000000000000000001010000000010001111111111111111111100000000000000000001000000000000000000000000000010000
0000000010100000000000000000000000000000001010000000010000010000000000000000000000000000000000001000000000000000000000000000010000
0000000010100000000000000000000000000000001111111111111111111111111111111111111111111111111111111000000000000000000000000000010000
0000000010100000000000000000000000000000000010000000010000010000000000000000000000000000000000000000000000000000000000000000010000
0000000011111111111111111111111111111111111111111111110000010000000000000000000000000000000000000000000000000000000000000000010000
0000000000111111111111111111111111111111111110000000000000010000000000000000000000000000000000000000000000000000000000000000010000
0000000000000000000000000000000000000000000000000000000000010000000000000000000000000000000000000000000000000000000000000000010000
0000000000000000000000000000000000000000000000000000000000011111111111111111111111111111111111111111111111111111111111111111110000
0000000000000000000000000000000000000000000000000000000000000000000000000000000000000000000000000000000000000000000000000000000000
0000000000000000000000000000000000000000000000000000000000000000000000000000000000000000000000000000000000000000000000000000000000
0000000000000000000000000000000000000000000000000000000000000000000000000000000000000000000000000000000000000000000000000000000000
