9,46
9,51
9,57
9,58
9,60
9,62
9,63
9,64
9,65
9,66
9,67
9,68
9,70
9,73
9,74
9,75
9,80
9,81
9,85
10,46
11,18
11,25
11,27
11,38
11,40
11,44
11,46
11,57
11,58
11,60
11,62
11,63
11,64
12,46
13,11
13,46
14,25
14,27
14,38
14,46
14,58
14,64
14,70
14,74
14,76
14,83
14,97
14,99
14,102
15,46
16,38
16,40
16,44
16,46
16,48
16,64
16,88
16,103
17,88
18,34
18,46
18,56
18,64
19,34
19,46
19,95
19,96
19,97
19,99
19,101
19,102
19,104
19,105
19,106
19,113
19,114
19,117
19,119
19,123
20,11
20,46
20,92
21,27
21,34
21,56
21,64
21,88
22,24
22,34
22,46
22,79
22,92
23,11
23,24
23,34
23,36
23,38
23,46
23,79
23,80
23,83
23,84
23,88
23,95
23,96
23,99
23,103
23,104
23,106
23,111
23,123
24,36
24,46
24,64
24,79
24,80
24,88
24,92
24,103
24,112
25,34
25,46
25,49
25,54
25,56
25,58
25,62
25,80
25,88
25,123
26,5
26,7
26,8
26,18
26,34
26,79
26,81
26,88
26,92
27,36
27,44
27,48
27,51
27,63
27,64
27,65
27,66
27,68
27,80
27,88
28,3
28,11
28,24
28,34
28,36
28,56
28,70
28,80
28,88
28,112
29,3
29,18
29,24
29,27
29,36
29,39
29,44
29,48
29,51
29,60
29,63
29,64
29,65
29,66
29,70
29,80
29,88
29,92
29,103
29,112
29,123
30,18
30,79
30,80
30,81
30,88
30,92
30,95
30,98
30,99
30,100
30,104
30,107
30,108
30,109
30,110
30,112
31,18
31,65
31,66
31,73
31,78
31,83
31,92
31,123
32,3
32,18
32,24
32,34
32,36
32,79
32,81
33,15
33,18
33,24
33,34
33,41
33,79
33,81
33,88
34,36
34,44
34,48
34,51
34,62
34,65
34,66
34,73
34,75
34,78
34,83
34,88
34,123
35,18
35,22
35,88
35,123
36,1
36,3
36,10
36,18
36,19
36,22
36,23
36,25
36,27
36,29
36,33
36,36
36,37
36,42
36,44
36,45
36,48
36,56
36,66
36,70
36,79
36,80
36,81
36,88
37,66
37,73
37,78
37,83
37,88
37,92
37,96
37,97
37,99
37,100
37,101
37,104
37,123
38,36
38,49
38,79
38,81
39,36
39,49
39,56
39,66
39,88
39,103
39,106
39,123
40,70
40,72
40,79
40,80
40,81
40,83
40,88
40,95
40,106
40,123
41,18
41,22
41,36
41,62
41,63
41,64
41,66
41,70
41,71
41,73
41,74
41,75
41,78
41,83
41,84
41,92
41,95
41,96
41,97
42,1
42,36
42,49
42,56
42,88
43,22
43,39
43,41
43,48
43,57
43,64
43,79
43,81
43,95
43,99
43,106
43,123
44,25
44,39
44,41
44,48
44,57
44,64
45,1
45,3
45,6
45,11
45,15
45,19
45,21
45,24
45,34
45,36
45,37
45,39
45,46
45,48
45,49
45,56
45,64
45,66
45,70
45,80
45,88
45,99
45,123
46,18
46,22
46,32
46,36
46,41
46,48
46,49
46,56
46,64
46,66
46,70
46,79
46,80
46,81
46,83
46,88
46,95
46,99
46,106
47,15
47,19
47,24
47,34
47,56
47,60
47,62
47,63
47,68
47,72
47,73
47,80
47,82
47,83
47,88
47,95
47,99
47,103
47,106
48,1
48,17
48,20
48,28
48,30
48,31
48,32
48,34
48,36
48,37
48,38
48,39
48,40
48,43
48,44
48,46
48,47
48,52
48,56
48,60
48,61
48,62
48,63
48,68
48,70
48,71
48,72
48,73
48,76
48,78
48,80
48,88
48,123
49,1
49,3
49,6
49,11
49,18
49,19
49,22
49,24
49,32
49,36
49,49
49,56
49,66
49,123
50,11
50,17
50,32
50,34
50,36
50,39
50,41
50,42
50,44
50,46
50,48
50,49
50,54
50,57
50,59
50,62
50,64
50,67
50,71
50,73
50,75
50,78
50,79
50,83
50,84
50,92
50,95
50,96
50,97
50,99
50,100
50,101
50,103
50,104
50,106
50,123
51,1
51,21
51,24
51,34
51,37
51,39
51,48
51,57
51,64
52,1
52,2
52,3
52,6
52,19
52,30
52,31
52,34
52,49
52,61
52,62
52,66
52,68
53,21
53,30
53,34
53,36
53,37
53,39
53,41
53,42
53,44
53,49
53,56
53,61
53,66
53,70
53,88
53,123
54,6
54,8
54,19
54,49
54,79
54,81
55,19
55,24
55,32
55,34
55,36
55,70
55,77
55,78
55,83
55,86
55,88
55,96
55,99
55,104
55,107
55,108
55,109
56,7
56,18
56,48
56,49
56,57
56,66
56,70
56,79
56,81
56,88
56,99
56,104
57,1
57,2
57,3
57,6
57,8
57,11
57,17
57,19
57,32
57,34
57,36
57,39
57,44
57,49
57,56
57,78
57,83
58,1
58,2
58,3
58,32
58,34
58,36
58,37
58,38
58,40
58,43
58,44
58,46
58,47
58,50
58,52
58,56
58,58
58,60
58,62
58,63
58,64
58,66
58,70
58,99
59,11
59,17
59,19
59,32
59,36
59,44
59,49
59,56
59,88
59,104
60,32
60,36
60,39
60,44
60,48
60,49
60,61
60,70
60,79
60,81
60,88
60,99
60,104
61,18
61,32
61,36
61,39
61,44
61,46
61,48
61,49
61,56
61,60
61,62
61,75
61,77
61,78
61,83
61,86
61,96
62,104
63,18
63,22
63,32
63,36
63,44
63,49
63,56
63,70
63,88
63,96
63,99
63,104
63,123
64,1
64,2
64,17
64,19
64,24
64,31
64,33
64,37
64,39
64,44
64,48
64,49
64,57
64,64
64,67
64,72
64,80
64,81
64,84
64,88
64,91
64,93
64,95
64,98
64,100
64,104
65,44
65,49
65,56
65,70
65,72
65,81
65,88
65,104
66,1
66,2
66,3
66,6
66,8
66,16
66,17
66,20
66,23
66,24
66,30
66,31
66,32
66,33
66,34
66,35
66,39
67,7
67,18
67,22
67,32
67,44
67,48
67,49
67,72
67,81
67,88
67,104
68,7
68,9
68,10
68,16
68,18
68,20
68,23
68,27
68,30
68,31
68,44
68,49
68,56
69,7
69,18
69,22
69,48
69,49
69,56
69,104
70,39
70,44
70,48
70,49
70,57
70,64
70,67
70,72
70,73
70,81
70,88
70,91
70,104
71,1
71,2
71,3
71,8
71,17
71,19
71,24
71,46
71,48
71,62
71,64
71,81
71,85
71,88
71,95
71,96
71,99
71,104
71,106
71,111
72,18
72,22
72,44
72,49
72,56
72,57
72,70
72,71
72,72
72,73
72,76
72,91
72,104
73,1
73,2
73,3
73,19
73,70
73,88
73,96
73,99
73,104
73,106
73,111
74,96
74,99
74,104
74,106
74,111
75,33
75,39
75,48
75,70
75,81
75,95
75,96
75,97
75,99
75,100
75,101
75,102
75,103
75,104
75,105
75,106
75,107
75,108
75,109
75,111
75,112
75,115
75,116
75,119
76,90
76,95
76,96
76,102
76,104
76,107
76,108
76,109
76,112
76,115
77,1
78,17
78,20
78,24
78,30
78,32
78,33
78,34
78,36
78,38
78,41
78,42
78,43
78,44
78,47
78,50
78,56
78,70
78,71
78,72
78,73
78,84
78,88
78,91
78,95
78,99
78,104
78,119
79,2
79,3
79,7
79,8
79,9
79,10
79,11
79,16
79,17
79,18
79,19
79,22
79,24
79,44
79,49
79,70
79,88
79,96
79,99
79,104
79,111
79,115
79,119
80,39
80,48
80,49
80,70
80,76
80,81
80,85
80,88
80,95
80,96
80,99
80,104
81,22
81,46
81,48
81,55
81,59
81,62
81,63
81,77
81,81
81,83
81,86
81,90
81,95
81,96
81,97
81,102
81,104
81,111
81,115
81,119
82,22
82,44
82,49
82,70
82,81
82,88
82,95
82,96
82,99
82,102
82,104
82,108
82,109
82,112
82,115
82,116
82,117
82,120
82,122
83,22
83,49
83,81
83,95
83,104
83,106
83,119
83,122
84,22
84,49
84,67
84,70
84,71
84,75
84,77
84,81
84,83
84,86
84,90
84,92
84,94
84,95
84,96
84,97
84,99
84,100
84,102
84,104
84,119
84,122
85,44
85,49
85,70
85,88
85,99
85,100
85,104
86,7
86,9
86,10
86,12
86,15
86,16
86,18
86,71
86,72
86,88
87,44
87,49
87,61
87,66
87,70
87,76
87,81
87,88
87,95
87,96
87,97
87,98
87,99
87,100
87,101
87,102
87,103
87,104
87,111
87,115
87,119
87,122
88,19
88,49
88,87
88,106
88,107
88,119
88,122
89,25
89,29
89,30
89,42
89,44
89,45
89,46
89,53
89,55
89,62
89,63
89,66
89,67
89,68
89,69
89,70
89,71
89,73
89,75
89,77
89,78
89,81
89,83
89,84
89,87
89,88
89,96
89,99
89,100
89,102
89,122
90,66
90,67
90,71
90,72
90,76
90,84
90,85
90,86
90,88
90,91
90,93
90,94
90,95
90,96
90,98
90,99
90,100
90,102
90,111
90,115
91,19
91,20
91,84
91,88
91,100
92,2
92,44
92,49
92,70
92,76
92,84
92,88
92,96
93,9
93,15
93,17
93,72
93,96
93,100
93,102
94,13
94,19
94,20
94,44
94,56
94,58
94,59
94,60
94,61
94,62
94,63
94,66
94,67
94,70
94,76
94,84
94,88
94,96
94,100
94,102
95,24
95,44
95,49
95,57
96,9
96,22
96,44
96,48
96,81
96,87
96,88
96,96
96,100
96,102
96,122
97,39
97,42
97,57
97,75
97,76
97,77
97,84
97,86
97,88
97,91
97,93
97,94
97,95
97,98
98,22
98,71
98,77
98,84
98,88
99,44
99,49
99,53
99,62
99,63
99,67
99,71
99,75
99,77
99,84
99,87
99,95
99,96
99,97
99,99
99,100
99,101
99,103
100,9
100,22
100,24
100,30
100,34
100,36
100,56
100,63
100,66
100,67
100,69
100,71
100,72
100,76
100,77
100,84
100,86
100,88
100,91
100,94
100,95
100,98
100,102
100,103
100,107
100,113
101,44
101,49
101,53
101,77
101,84
101,88
101,96
101,102
101,103
101,122
102,19
102,22
102,23
102,29
102,31
102,32
102,33
102,34
102,36
102,37
102,38
102,40
102,41
102,43
102,45
102,47
102,50
102,51
102,55
102,56
102,58
102,60
102,61
102,62
102,63
102,65
102,66
102,67
102,70
102,72
102,74
102,76
102,77
102,80
102,84
102,88
102,96
102,103
103,4
103,7
103,8
103,9
103,10
103,12
103,13
103,15
103,18
103,19
103,22
103,49
103,96
103,102
103,103
104,9
104,44
104,49
104,53
104,76
104,77
104,88
104,91
104,94
104,95
104,96
104,102
104,103
104,107
105,13
105,20
105,24
105,28
105,30
105,32
105,34
105,36
105,38
105,41
105,43
105,47
105,50
105,55
105,56
105,58
105,60
105,61
105,62
105,63
105,65
105,66
105,70
105,71
105,72
105,74
105,76
105,88
105,96
105,102
105,103
105,122
106,25
106,28
106,29
106,30
106,44
106,45
106,48
106,53
106,54
106,62
106,63
106,67
106,88
107,20
107,23
107,57
107,59
107,71
108,9
108,115
108,118
108,119
108,123
109,68
109,122
109,125
110,23
110,24
110,44
110,49
110,53
110,68
110,88
110,96
110,102
110,103
111,30
111,68
111,72
111,80
111,84
111,86
111,88
111,90
111,95
111,96
111,99
111,101
111,102
111,103
112,30
112,32
112,34
112,38
112,41
112,43
112,44
112,49
112,50
112,53
112,55
112,56
112,58
112,60
112,61
112,65
112,66
112,69
112,70
112,72
112,80
112,84
112,86
112,88
113,0
113,1
113,4
113,5
113,6
113,7
113,18
113,19
113,22
113,24
113,29
113,30
113,32
113,33
113,34
113,36
113,37
113,38
113,39
113,40
113,41
113,43
113,44
113,46
113,49
113,53
113,57
113,59
113,68
114,68
115,10
115,41
115,56
115,59
115,60
115,61
115,66
115,68
115,72
115,86
115,92
115,95
116,10
116,22
116,24
116,29
116,30
116,32
116,33
116,34
116,36
116,38
116,40
116,41
116,43
116,44
116,50
116,53
116,56
116,58
116,60
116,61
116,65
116,66
116,68
117,96
118,44
118,76
119,60
119,72
119,76
119,96
119,125
120,44
120,96
121,10
121,56
121,60
121,66
121,72
121,86
121,92
121,95
121,125
122,8
122,10
122,44
122,53
122,125
123,18
123,29
123,30
123,32
123,34
123,38
123,41
123,43
123,50
124,13
124,18
124,29
124,30
124,32
124,34
124,38
124,41
124,43
124,44
126,60
126,68
126,72
126,80
126,86
126,92
126,99
126,100
126,111
126,115
126,120
126,125
